2
1501
4763
100
4368
8169
6274
6077
4528
709
3016
7225
1871
778
271
7550
4026
8092
7353
1303
5614
3276
1988
9671
6976
8333
1908
923
5602
4411
1621
8051
1957
8188
3718
1011
3919
5336
4622
6310
1736
5140
8057
7849
2137
7136
4611
8818
593
6098
8640
7365
7499
6833
5758
4479
6557
2530
5424
817
4331
5773
6613
1993
9588
3801
7498
5327
8287
7094
7367
4462
3613
229
3898
4077
5046
8976
2874
6207
9739
8619
7907
6036
120
9055
6997
21
8831
2837
9379
8703
4045
3955
7103
8180
6882
7856
9546
6923
751
9319
3691
2667
