200
10183
8481
97
4763
328
1501
2644
641
268
8067
6196
1666
7051
7079
4020
3893
1794
5386
8173
2115
9925
4986
63
6970
3386
4329
4471
4499
8646
4309
9469
1624
2989
1101
9470
6704
6618
3221
3343
1893
2318
274
6217
6807
1005
3722
7853
7634
2288
5235
7309
9479
1936
8217
4105
1516
4671
4440
1150
7241
4534
5621
6078
1269
4664
10191
815
6094
6513
5722
9226
6122
3855
1227
7797
8353
1239
5237
989
4508
2890
880
4185
5091
6139
8050
43
1058
10015
10090
6927
3743
4278
7389
8679
6142
9409
336
8586
8836
4368
8169
6274
6077
4528
709
3016
7225
1871
778
271
7550
4026
8092
7353
1303
5614
3276
1988
9671
6976
8333
1908
923
5602
4411
1621
8051
1957
8188
3718
1011
3919
5336
4622
6310
1736
5140
8057
7849
2137
7136
4611
8818
593
6098
8640
7365
7499
6833
5758
4479
6557
2530
5424
817
4331
5773
6613
1993
9588
3801
7498
5327
8287
7094
7367
4462
3613
229
3898
4077
5046
8976
2874
6207
9739
8619
7907
6036
120
9055
6997
21
8831
2837
9379
8703
4045
3955
7103
8180
6882
7856
9546
6923
751
9319
3691
2667